1.650735368137594 1.6622071522733515 0.18625204749217675 1.6441371199995845 0.8756679904032405 1.003206066622272 
-0.3815950050089837 0.5032062403978635 0.3796235003388133 0.5032062403978635 -0.24944953060082473 1.476186450519165 
0.8263117089858936 0.8948684128119542 0.8948684128119542 
1.0015715993526026 1.8037060548241635 1.4418635243202076 
-0.8454836035850736 -0.7216794129672356 -0.34396550502007084 
0.9933624966111889 0.5367621673465884 0.530440187653909 
-0.5546768801246982 -0.30083432920257325 0.29904800787187424 
0.18545027752014878 -0.04621387556001774 1.240560961671 
-0.18982436852626783 
0.5589522788643497 
1.315111395755069 
