-0.40014223186148357 0.1370601961911864 -0.6452927349202887 0.5849567794056149 -0.29327410747390553 -0.21683128706217777 
0.12855491647271816 -0.8194519174961524 0.1960652386039611 0.12855491647271816 0.1552991451844059 0.4239841843716512 
0.838048106367707 1.3196834775772552 0.838048106367707 
-0.2783425493771495 0.004567520307770099 0.004567520307770099 
5.476373471295343E-5 5.476373471295343E-5 -0.1742270453819259 
-0.8444796129842732 -0.6463705976648186 0.4610287477663307 
-0.9214085582497276 0.031320662251053843 -0.9570529476976062 
7.313659381484572E-11 0.6653803098580975 0.8941246046326196 
0.34844595014004764 
-0.39810190530953316 
0.009513093198514733 
