0.0 -0.3660809750387114 8.991366238150732E-54 -0.0013114022552244045 0.9366110050200808 -2.9094996007228807E-5 -7.03483368493855E-4 -0.913928839995257 -0.0020649118236014574 0.9365716890448691 
0.16188669803944788 0.728668180812373 0.5814291063209954 -0.22783521763311584 -0.7028095720943385 -0.894398592264825 0.713515962447306 0.025784239526993463 -0.3057451087985006 1.9853732321318658E-44 
0.2452796657070125 
4.2949656439799245E-5 
0.38435371337861723 
-0.09639155676819662 
-0.47652258685580257 
-0.19872360891113314 
0.3107766191416005 
0.04515281751275022 
0.4306025757270443 
0.5947989496020344 
