0.40071394319266007 0.27893785297321216 0.4210151660522413 1.3050267497672994 -0.25764052934261084 0.40071394319266007 
1.0826240091565813 0.29799666694361304 -0.29389708975651374 0.875477185793852 -0.009017205461367056 -0.40384803445635165 
0.4007139432815996 0.4007139432815996 -0.48339834424551786 
-0.037985346185918756 -0.4564436783340068 5.629004012773139E-35 
0.29341898112921405 0.011469904356624705 0.30489309211937365 
0.9395623936490443 0.8791065527054849 -0.12273656332714772 
3.7378357688006693E-38 0.3231908076200154 3.7378357688006693E-38 
-0.5836841093378118 7.611597557828751E-25 7.611597557828751E-25 
0.5973801155095015 
-0.3855633870861876 
0.45945305677086823 
